6
0  0  0  0  0  0  0  0  0  0  0  0  0  0  0  0  0  0  0  0  0  0  0  0  0  0  0  0  0  0  
1 -1  2  0  2 -1  3 -1 -1 -1  3  0  1  1  2  1  1  1  0  2  2  0  0  0 -3  1  1  0  0  0
2  1  2  0  2 -1  3 -1  1  1  3  0  1  1  2  1  0  0  0  0  0  1  0  0  0  1  1  0  0  0
2  1  2  0  2 -1  3 -1  1  1  6  4 -2  0  2  0  0  0  0  0  0  1  0  0  0  1  1  0  0  0
2  1  2  1  2  0  3  0  0  0  0  2 -1  1  3 -1  0  0  0  0  0  0  0  0  0  0  1  0  0  0
1 -1  2 -2  2  0  2  0  0  0  0  2 -1  1  3 -1  0  0  0  0  0  0  0  0  0  0  1  0  0  0

# the following lines will be ignored, since 6 is the number at the top.
# but kept here for demonstrations
4
1 -1  2  0  2 -1  3 -1 -1 -1  3  0  1  1  2  1  1  1  0  2  2  0  0  0 -3  1  1  0  0  0
1  1  2  0  2 -1  3 -1 -1 -1  3  0  1  1  2  1  1  1  0  2  2  0  0  0 -3  1  1  0  0  0
1 -1  2  0  2 -1  3 -1 -1 -1  3  0  1  1  2  1  1  1  0  2  2  0  0  0 -3  1  1  0  0  0
1 -1  2  1  2 -1  3 -1 -1 -1  3  0  1  1  2  1  1  1  0  2  2  0  0  0 -3  1  1  0  0  0

2  1  2  0  2 -1  3 -1  1  1  3  0  1  1  2  1  0  0  0  0  0  1  0  0  0  1  1  0  0  0
2  1  2  0  2 -1  3 -1  1  1  6  4 -2  0  2  0  0  0  0  0  0  1  0  0  0  1  1  0  0  0
2  1  2  1  2  0  3  0  0  0  0  2 -1  1  3 -1  0  0  0  0  0  0  0  0  0  0  1  0  0  0
1 -1  2 -2  2  0  2  0  0  0  0  2 -1  1  3 -1  0  0  0  0  0  0  0  0  0  0  1  0  0  0


